# Created by Octave 5.2.0, Tue May 26 17:47:53 2020 -03 <felipesantana@Felipes-MBP>
# name: y
# type: matrix
# rows: 3
# columns: 1
 132
 541
 123


